,0
0,2.0432577
1,2.047511
2,1.9961472
3,2.1041925
4,2.0295637
5,2.1467729
6,2.0792398
7,1.9424961
8,1.9134113
9,1.9381042
10,1.9793134
11,1.9522198
12,1.9028202
13,2.0723329
14,2.0401144
15,1.9054544
16,1.8194562
17,1.9864516
18,1.9320397
19,2.0160508
20,2.0186315
21,1.8187969
22,2.0299094
23,2.0428672
24,1.913158
25,1.9232405
26,1.9017205
27,1.8080386
28,1.797955
29,1.9181923
30,1.884809
31,1.9402939
32,1.8937207
33,1.8875327
34,1.8641187
35,1.9420422
36,1.876334
37,1.9180388
38,1.9250964
39,1.9276046
40,2.0684834
41,1.8467777
42,1.9028189
43,1.9703792
44,1.8724099
45,1.9238492
46,1.8409657
47,1.8925743
48,1.8320761
49,1.9050958
50,1.9407452
51,1.8273516
52,1.8972125
53,1.8541119
54,1.891146
55,1.8813666
56,1.8507724
57,1.9285067
58,1.8438524
59,1.9547265
60,1.847847
61,1.7707928
62,1.8571267
63,1.9373685
64,1.7914495
65,1.8248847
66,1.8496612
67,1.8341446
68,1.8678714
69,1.8277011
70,1.9510709
71,2.066886
72,1.824299
73,1.8299938
74,1.906474
75,1.9001144
76,1.8892609
77,1.9833617
78,1.8230026
79,1.8909421
80,1.9551339
81,1.8720214
82,1.890257
83,1.9339569
84,1.845752
85,1.9794751
86,1.8197873
87,1.9837095
88,1.9322203
89,1.9673944
90,1.9629844
91,1.9511868
92,1.9573975
93,1.8026129
94,1.8138036
95,1.8437198
96,1.870964
97,1.8822198
98,1.7727417
99,1.9251285
100,1.902529
101,1.8666067
102,1.814663
103,1.8116885
104,1.7849321
105,1.8496442
106,1.9548581
107,1.9043329
108,1.8134668
109,1.8832235
110,1.8879672
111,1.8913058
112,1.8349996
113,1.8946501
114,1.8684416
115,1.8771167
116,1.8258902
117,1.9219506
118,1.9349359
119,1.8720367
120,1.8509872
121,1.8528668
122,1.9720526
123,1.8329636
124,1.8972019
125,1.7823813
126,1.9091864
127,1.9337994
128,1.8200049
129,2.0789614
130,1.8030792
131,1.7601514
132,1.8359166
133,1.8059998
134,1.8858137
135,1.9471439
136,1.9189935
137,1.8516061
138,1.906195
139,1.862738
140,1.8285786
141,1.8662136
142,1.840752
143,1.7483045
144,1.8116117
145,1.817039
146,1.9265113
147,1.8694944
148,1.9375485
149,1.8984537
150,1.8667468
151,1.8302404
152,1.8574626
153,1.8395135
154,2.0096662
155,1.8243408
156,1.7910507
157,1.8338355
158,1.8231752
159,1.9316291
160,1.8676288
161,1.9043763
162,1.9139949
163,1.7967954
164,1.9362135
165,1.7844793
166,1.8750739
167,1.8466687
168,1.8983725
169,1.9330652
170,1.8749968
171,1.9331982
172,1.9809872
173,1.8399953
174,1.8438187
175,1.8748791
176,1.8306127
177,1.9033632
178,1.8387446
179,1.8292344
180,1.8192248
181,1.7645007
182,1.7874236
183,1.7445745
184,1.731379
185,1.7980877
186,1.8888127
187,1.8607416
188,1.9884863
189,1.9075814
190,1.9957263
191,2.0212302
192,1.7723327
193,1.7577215
194,2.0099804
195,1.9635788
196,1.8647397
197,1.9124678
198,1.8406519
199,1.9326901
200,1.9783008
201,1.7870287
202,1.9087774
203,1.9278222
204,1.8688589
205,1.9277691
206,1.7966231
207,1.8701544
208,1.8363986
209,1.8495135
210,1.8775458
211,1.8345941
212,1.8163983
213,1.8958341
214,1.8966571
215,1.7956858
216,1.8507211
217,1.9410183
218,1.8551184
219,1.8115643
220,1.7744801
221,1.8706456
222,2.1174242
223,1.8572809
224,1.8634338
225,1.8610286
226,1.8639035
227,1.7792989
228,1.8996333
229,1.76939
230,1.7645164
231,1.8792398
232,1.8630433
233,1.9024287
234,1.8480755
235,2.0087004
236,1.8043404
237,1.9566272
238,1.7901529
239,1.8566275
240,1.8795485
241,1.8337066
242,1.7737973
243,1.8845704
244,1.8113666
245,1.9117337
246,1.8131967
247,1.8133067
248,1.91514
249,1.9744349
