,0
0,2.0432577
1,2.051708
2,2.004095
3,2.118186
4,2.0431454
5,2.1721961
6,2.1161072
7,2.0035574
8,1.9655985
9,2.0794523
10,2.144238
11,2.0562158
12,2.087762
13,2.1103284
14,2.0954926
15,2.0459793
16,1.9710354
17,2.132077
18,2.0027573
19,2.123297
20,2.0764196
21,2.023076
22,2.1137965
23,2.2755203
24,2.0638223
25,2.0903995
26,1.9313626
27,1.9970322
28,1.9028913
29,2.0694227
30,2.0130615
31,1.9683264
32,2.1319685
33,1.9591757
34,2.0107567
35,2.1324387
36,2.0769594
37,2.0098598
38,2.0184343
39,2.1278787
40,2.1185694
41,2.006123
42,2.0580256
43,2.0265925
44,2.0588605
45,2.1479053
46,1.8921651
47,1.9983307
48,1.9975815
49,1.9022788
50,2.0660877
51,2.004638
52,1.9330853
53,2.0612993
54,2.1603763
55,2.0290549
56,2.0076382
57,2.0370862
58,1.9418303
59,1.9310535
60,1.9873794
61,1.8730099
62,2.0638034
63,2.1255512
64,1.9325606
65,1.9212891
66,1.9718095
67,2.029824
68,2.0695379
69,1.9225163
70,2.0746603
71,2.128171
72,1.9502035
73,2.005365
74,2.0397727
75,2.024054
76,2.0944562
77,2.0906212
78,2.1065493
79,2.0778449
80,2.171624
81,2.0673003
82,1.9666275
83,2.0107775
84,2.0633154
85,2.0391543
86,1.9691852
87,2.1319964
88,2.1056664
89,2.0865824
90,2.0899167
91,2.0556083
92,2.038086
93,1.9958496
94,1.8975189
95,2.059164
96,2.1002712
97,1.9233533
98,1.8057824
99,2.0046594
100,1.9652658
101,2.0637
102,2.0415373
103,1.966865
104,1.8153981
105,1.9565839
106,2.2091925
107,2.0611892
108,2.011009
109,2.072847
110,1.9601511
111,2.0320168
112,2.0318785
113,2.149054
114,2.0435424
115,2.0575552
116,1.8651874
117,2.1062822
118,2.185016
119,2.0886478
120,1.9426879
121,2.005798
122,2.1330352
123,2.1209846
124,2.0368128
125,1.8703177
126,1.9655048
127,2.0263767
128,2.008775
129,2.1669846
130,1.9832417
131,1.9100937
132,1.9718441
133,1.9338268
134,2.1620178
135,2.0434744
136,2.032987
137,2.1025805
138,2.080214
139,2.0260532
140,2.017108
141,2.119157
142,2.1162372
143,1.9374756
144,2.0296628
145,1.9597251
146,2.1222844
147,1.9501053
148,2.0249915
149,1.9796126
150,1.9902024
151,1.9722245
152,2.0491848
153,1.9937702
154,2.2162008
155,2.0983133
156,2.023681
157,2.0336664
158,2.0449238
159,2.0568054
160,2.021859
161,2.056273
162,2.1000915
163,1.9923712
164,2.1761508
165,1.955281
166,2.1450777
167,2.1839025
168,2.0630414
169,2.0759604
170,2.0437684
171,2.0859473
172,2.2208357
173,1.9768305
174,1.9616121
175,1.9732034
176,2.04944
177,2.283796
178,2.0105915
179,2.115109
180,2.0585325
181,1.9570563
182,2.0344517
183,1.9889438
184,1.9066293
185,1.9409037
186,2.0557826
187,2.0046747
188,2.1541
189,2.0269926
190,2.1605642
191,2.1512907
192,1.894187
193,1.9638065
194,2.1235592
195,2.151824
196,2.0557241
197,2.0532103
198,1.8902655
199,2.086835
200,2.1136918
201,1.9843359
202,2.0741367
203,2.126584
204,2.0636866
205,2.1552205
206,1.9984592
207,2.0626054
208,1.9502443
209,2.070838
210,2.0639184
211,1.9859495
212,1.9466727
213,2.1986542
214,2.06505
215,1.9287914
216,2.1276302
217,2.1467566
218,2.171279
219,1.9641
220,1.936033
221,2.1235745
222,2.2514575
223,1.9955705
224,2.125071
225,2.0019572
226,1.9727429
227,1.9267228
228,2.1347315
229,1.9127501
230,2.041129
231,2.0641413
232,2.0528316
233,2.0662086
234,1.9848862
235,2.1632223
236,1.9817603
237,2.145585
238,1.9808567
239,2.068134
240,2.0507174
241,1.9270906
242,1.9859424
243,2.034039
244,1.9183447
245,2.1237774
246,1.9734372
247,1.9736185
248,2.0560868
249,2.1259382
