,0
0,2.0432577
1,2.051699
2,2.0040545
3,2.1179986
4,2.0427227
5,2.1702945
6,2.1132689
7,1.9986091
8,1.9601041
9,2.0608654
10,2.1203995
11,2.0343292
12,1.9957303
13,2.0463564
14,2.0676174
15,1.9843518
16,1.938614
17,2.0540113
18,1.9572585
19,2.0319965
20,2.0256634
21,1.8540826
22,2.0578296
23,2.0913088
24,1.9338285
25,1.9473592
26,1.9160756
27,1.8307265
28,1.8023138
29,1.9205874
30,1.883837
31,1.9436138
32,1.9023345
33,1.8881012
34,1.8649871
35,1.9482169
36,1.8962756
37,1.9185131
38,1.9338907
39,1.9368939
40,2.0683472
41,1.855987
42,1.9060096
43,1.9696807
44,1.880072
45,1.930318
46,1.847403
47,1.9007312
48,1.8368071
49,1.9038669
50,1.9457786
51,1.8368987
52,1.9055703
53,1.8637897
54,1.8966211
55,1.8800571
56,1.8506175
57,1.9286801
58,1.8432883
59,1.9543322
60,1.8517861
61,1.7728289
62,1.8637232
63,1.9433767
64,1.7975127
65,1.8297606
66,1.8466913
67,1.8373588
68,1.8680167
69,1.8381566
70,1.9447399
71,2.0740707
72,1.8286804
73,1.8424897
74,1.9039133
75,1.9021553
76,1.8987672
77,1.9887525
78,1.8354743
79,1.8920538
80,1.962317
81,1.8801198
82,1.8954479
83,1.9467864
84,1.8584158
85,1.9741461
86,1.8315551
87,2.005432
88,1.9354864
89,1.9751234
90,1.9632629
91,1.955632
92,1.9590313
93,1.7899686
94,1.8096002
95,1.8587514
96,1.8745968
97,1.8872336
98,1.7712109
99,1.9169376
100,1.9055399
101,1.8783569
102,1.8101932
103,1.818092
104,1.7713808
105,1.8504857
106,1.9588003
107,1.8975265
108,1.8304377
109,1.8941011
110,1.8992842
111,1.920303
112,1.8545814
113,1.8956949
114,1.8642015
115,1.8749615
116,1.8316861
117,1.9350952
118,1.9407965
119,1.8802478
120,1.834404
121,1.8660775
122,1.9695139
123,1.8012445
124,1.8838712
125,1.7714438
126,1.8888106
127,1.9382864
128,1.8260074
129,2.095858
130,1.8387146
131,1.769424
132,1.8181915
133,1.7949839
134,1.8538927
135,1.9464303
136,1.9138271
137,1.894646
138,1.9267508
139,1.8209615
140,1.8253337
141,1.9090875
142,1.7995032
143,1.76627
144,1.8518896
145,1.8172617
146,1.9185958
147,1.9109207
148,1.9384999
149,1.9115045
150,1.9009578
151,1.8496654
152,1.9135871
153,1.8323352
154,1.9676099
155,1.8383827
156,1.8118048
157,1.809002
158,1.8772753
159,1.7999555
160,1.894433
161,1.8675107
162,1.9654559
163,1.8470085
164,1.908952
165,1.7563467
166,1.8665688
167,1.8541912
168,1.8888437
169,1.9123511
170,1.928912
171,1.9006997
172,1.9736274
173,1.8800714
174,1.8563888
175,1.893275
176,1.9095862
177,1.9052407
178,1.8893625
179,1.8466461
180,1.8404214
181,1.8364782
182,1.8261229
183,1.7876395
184,1.7756975
185,1.7769384
186,1.8594638
187,1.8815439
188,1.931877
189,1.8593885
190,2.0438213
191,1.9358163
192,1.7858841
193,1.7977786
194,1.9404461
195,1.9180343
196,1.8488888
197,1.8755094
198,1.8037623
199,1.9211887
200,1.7823629
201,1.7816162
202,1.8138642
203,1.9277464
204,1.8605814
205,1.8216511
206,1.7878817
207,1.8038906
208,1.786039
209,1.7675269
210,1.8372254
211,1.8110266
212,1.8607711
213,1.8687027
214,1.8929358
215,1.8478303
216,1.7803829
217,1.9168314
218,1.8866837
219,1.8503363
220,1.8103338
221,1.8286477
222,2.0712004
223,1.8445611
224,1.8637109
225,1.8370153
226,1.8756385
227,1.7871846
228,1.899635
229,1.8033612
230,1.7950315
231,1.8507495
232,1.7994049
233,1.8266617
234,1.7875197
235,1.9989974
236,1.7588742
237,1.8668598
238,1.7542601
239,1.8820142
240,1.7774937
241,1.7970215
242,1.7811009
243,1.7771796
244,1.7596605
245,1.8345773
246,1.8192557
247,1.8310019
248,1.8157153
249,2.020957
