,0
0,2.0432577
1,2.051686
2,2.0040596
3,2.1181211
4,2.0430856
5,2.1720796
6,2.1160154
7,2.0034606
8,1.9655175
9,2.079257
10,2.1440275
11,2.056028
12,2.0874527
13,2.11007
14,2.0952837
15,2.045609
16,1.9708115
17,2.1316977
18,2.0025187
19,2.1229072
20,2.0760741
21,2.0224817
22,2.1133838
23,2.2747507
24,2.063317
25,2.0899122
26,1.9310147
27,1.9966394
28,1.9024564
29,2.0688202
30,2.0125568
31,1.9680728
32,2.1309514
33,1.9586829
34,2.0101514
35,2.132034
36,2.0762894
37,2.0094564
38,2.017672
39,2.1269462
40,2.1178567
41,2.005256
42,2.0570512
43,2.025844
44,2.0577326
45,2.146738
46,1.8915619
47,1.9975674
48,1.9965734
49,1.9020697
50,2.0651286
51,2.003859
52,1.9327425
53,2.0599575
54,2.1587238
55,2.0281065
56,2.0064752
57,2.0360675
58,1.9409366
59,1.9310628
60,1.9863789
61,1.872088
62,2.0621238
63,2.1241317
64,1.9314939
65,1.920525
66,1.9706906
67,2.028211
68,2.06747
69,1.9215033
70,2.0738392
71,2.1273084
72,1.9490002
73,2.0043116
74,2.0386162
75,2.0228117
76,2.0924287
77,2.0897872
78,2.104148
79,2.076805
80,2.1700351
81,2.0658557
82,1.9661349
83,2.0098565
84,2.061927
85,2.038049
86,1.9682771
87,2.130212
88,2.1044843
89,2.0847094
90,2.0884864
91,2.0544128
92,2.0367591
93,1.9937329
94,1.8967657
95,2.0570476
96,2.0978396
97,1.922659
98,1.8051987
99,2.0035572
100,1.9642636
101,2.0613008
102,2.0396974
103,1.9645215
104,1.8146753
105,1.9551697
106,2.2063758
107,2.0594525
108,2.0086272
109,2.0713112
110,1.9583907
111,2.0304823
112,2.0297792
113,2.1462972
114,2.0419343
115,2.0547438
116,1.864285
117,2.1040046
118,2.1822848
119,2.0867536
120,1.9416133
121,2.003617
122,2.1303658
123,2.1173608
124,2.034545
125,1.8686606
126,1.9639096
127,2.0246527
128,2.0075061
129,2.1652796
130,1.9811119
131,1.9086714
132,1.9704372
133,1.9319322
134,2.1586492
135,2.0420358
136,2.0313096
137,2.0993187
138,2.0771286
139,2.023442
140,2.016087
141,2.1156015
142,2.1122522
143,1.9352448
144,2.0271354
145,1.9581221
146,2.1188178
147,1.9488428
148,2.0233457
149,1.978414
150,1.9887329
151,1.970276
152,2.0464194
153,1.9921325
154,2.212183
155,2.0944324
156,2.0210464
157,2.0312884
158,2.0423915
159,2.0528579
160,2.0191538
161,2.0542133
162,2.0976272
163,1.9889481
164,2.1720471
165,1.9517334
166,2.1407423
167,2.1792185
168,2.0601368
169,2.0731575
170,2.0415032
171,2.0826185
172,2.2171786
173,1.9760203
174,1.9598856
175,1.9721371
176,2.0464761
177,2.2777052
178,2.0086718
179,2.1121235
180,2.055132
181,1.9545152
182,2.030852
183,1.9854536
184,1.9050387
185,1.937787
186,2.0523717
187,2.0038414
188,2.150755
189,2.0241697
190,2.1581163
191,2.1479287
192,1.8920554
193,1.9610766
194,2.1200457
195,2.1479042
196,2.0516317
197,2.0491507
198,1.8876901
199,2.083316
200,2.108626
201,1.9814147
202,2.0696528
203,2.1231942
204,2.0610237
205,2.1506028
206,1.9971716
207,2.0595412
208,1.946906
209,2.065775
210,2.060872
211,1.9841615
212,1.9449748
213,2.1951296
214,2.061183
215,1.9276783
216,2.1230452
217,2.142316
218,2.1667762
219,1.9621093
220,1.933752
221,2.117372
222,2.2471316
223,1.9933835
224,2.1205413
225,1.9984738
226,1.9698666
227,1.9252046
228,2.1311245
229,1.9107033
230,2.0387378
231,2.0602665
232,2.0485313
233,2.062342
234,1.9801141
235,2.159448
236,1.9780173
237,2.138852
238,1.9764713
239,2.065192
240,2.0470421
241,1.9256862
242,1.9822402
243,2.0301747
244,1.9150455
245,2.1191318
246,1.9706262
247,1.9718149
248,2.0523324
249,2.121748
